Turk_dist_mat = [[0.0, 0.35788894, 0.43100604, 0.44914788, 0.45189664, 0.44639912, 0.3677845, 0.37108302, 0.3677845, 0.47388676, 0.40516767, 0.4848818],
[0.35788894, 0.0, 0.24573942, 0.36613524, 0.27542606, 0.46344146, 0.22319956, 0.2528862, 0.25948322, 0.4315558, 0.24518967, 0.46783948],
[0.43100604, 0.24573942, 0.0, 0.35898846, 0.15393074, 0.45299616, 0.19736119, 0.31500825, 0.28642112, 0.41561297, 0.18746564, 0.4628917],
[0.44914788, 0.36613524, 0.35898846, 0.0, 0.33369982, 0.35129192, 0.36613524, 0.4167125, 0.39582187, 0.24683893, 0.36063772, 0.33479935],
[0.45189664, 0.27542606, 0.15393074, 0.33369982, 0.0, 0.43210554, 0.2413414, 0.33479935, 0.3260033, 0.3782298, 0.20615722, 0.4431006],
[0.44639912, 0.46344146, 0.45299616, 0.35129192, 0.43210554, 0.0, 0.43815282, 0.46344146, 0.46564046, 0.37603077, 0.44914788, 0.38812533],
[0.3677845, 0.22319956, 0.19736119, 0.36613524, 0.2413414, 0.43815282, 0.0, 0.3188565, 0.30786148, 0.42385927, 0.23529412, 0.47993404],
[0.37108302, 0.2528862, 0.31500825, 0.4167125, 0.33479935, 0.46344146, 0.3188565, 0.0, 0.22649808, 0.46454096, 0.27597582, 0.49092907],
[0.3677845, 0.25948322, 0.28642112, 0.39582187, 0.3260033, 0.46564046, 0.30786148, 0.22649808, 0.0, 0.44365036, 0.24628916, 0.48543155],
[0.47388676, 0.4315558, 0.41561297, 0.24683893, 0.3782298, 0.37603077, 0.42385927, 0.46454096, 0.44365036, 0.0, 0.4084662, 0.29686642],
[0.40516767, 0.24518967, 0.18746564, 0.36063772, 0.20615722, 0.44914788, 0.23529412, 0.27597582, 0.24628916, 0.4084662, 0.0, 0.46783948],
[0.4848818, 0.46783948, 0.4628917, 0.33479935, 0.4431006, 0.38812533, 0.47993404, 0.49092907, 0.48543155, 0.29686642, 0.46783948, 0.0]]

Turk_labels = ["Cuvash", "Karachai", "Kazakh", "Khakass", "Kirghiz", "SouthAltaic", "Tatar", "Turkish", "Turkmen", "Tuvan", "Uzbek", "Yakut"]
